c1_a1,c1_a3,c1_a4,c1_a5,c1_a6,c1_a7,c1_a8,c1_a9,c1_aA,c1_aD,c1_aE,c1_aF,c2_a1,c2_a3,c2_a4,c2_a5,c2_a6,c2_a7,c2_a8,c2_a9,c2_aA,c2_aD,c2_aE,c2_aF,c3_a1,c3_a3,c3_a4,c3_a5,c3_a6,c3_a7,c3_a8,c3_a9,c3_aA,c4_a4,c4_a3,c4_aE,c4_a5,c4_a8,c4_a9,c4_aF,c5_a4,c5_a5,c5_aD,c5_aE,c6_a5,c6_a4,c6_aE,c6_aD,c7_a4,c7_a5,c7_aE,c7_aD,encoder_counter,mo1,mo2,counter,wIdx,rIdx,tailsymb,file_index,timestamp,packet_len
2.44140625,,18663.6191162109,,,,,,,,,,1974.10583496094,,18229.4028125,,,,,,,,,,2015.60974121094,,18669.1398602295,,,,,,,,,,12179,,,,,12154,,,12195,,,,,7575,,,75.849609375,0,0,,,,,0,,200
,3223.95324707031,,,,,,,,,,,,2033.99658203125,,,,,,,,,,,,2.5177001953125,,,,,,,,,,,,,,,,,,,,,,,,,,,90.87890625,0,0,,,,,0,,200
712.58544921875,,,,,,,,,,,,728.1494140625,,,,,,,,,,,,4484.55810546875,,,,,,,,,,,,,,,,,,,,,,,,,,,,104.853515625,32,0,,,,,0,,200
,3223.95324707031,,12185,,,,,,,,,,2.5177001953125,,12156,,,,,,,,,,275.57373046875,,12173,,,,,,17853.4050201416,,,,,,,18671.7246087646,,,,,18186.0680554199,,,6393.45584777832,,,,119.619140625,32,0,,,,,0,,200
2970.19958496094,,,,,,,,,,,,1897.35412597656,,,,,,,,,,,,2.6702880859375,,,,,,,,,,,,,,,,,,,,,,,,,,,,133.9453125,32,0,,,,,0,,200
,1130.21850585938,,,,,,,,,,,,2021.94213867187,,,,,,,,,,,,4350.73852539062,,,,,,,,,,,,,,,,,,,,,,,,,,,148.7109375,32,0,,,,,0,,200
,,,,,,,,,,,,,,,,,,,,,,,,,,,,,,,,,,,,,,,,,,,,,,,,,,,,,,,738,740,418500,3333,0,,200
2.44140625,,18663.6191162109,,,,,,,,,,1974.10583496094,,18229.4028125,,,,,,,,,,2015.60974121094,,18669.1398602295,,,,,,,,,,12179,,,,,12154,,,12195,,,,,7575,,,162.7734375,32,0,,,,,0,,200
,3223.95324707031,,,,,,,,,,,,2033.99658203125,,,,,,,,,,,,2.5177001953125,,,,,,,,,,,,,,,,,,,,,,,,,,,177.71484375,32,0,,,,,0,,200
712.58544921875,,,,,,,,,,,,728.1494140625,,,,,,,,,,,,4484.55810546875,,,,,,,,,,,,,,,,,,,,,,,,,,,,191.689453125,0,16,,,,,0,,200
,3223.95324707031,,12185,,,,,,,,,,2.5177001953125,,12156,,,,,,,,,,37.9180908203125,,12173,,,,,,17853.4050201416,,,,,,,18671.7246087646,,,,,18186.0680554199,,,40307.4158477783,,,,206.279296875,0,16,,,,,0,,200
2970.19958496094,,,,,,,,,,,,1897.35412597656,,,,,,,,,,,,2.6702880859375,,,,,,,,,,,,,,,,,,,,,,,,,,,,220.60546875,0,16,,,,,0,,200
,1130.21850585938,,,,,,,,,,,,2021.94213867187,,,,,,,,,,,,4350.73852539062,,,,,,,,,,,,,,,,,,,,,,,,,,,235.72265625,0,16,,,,,0,,200
,,,,,,,,,,,,,,,,,,,,,,,,,,,,,,,,,,,,,,,,,,,,,,,,,,,,,,,838,840,418560,3333,0,,200
0.0,,18663.6191162109,,,,,,,,,,1974.10583496094,,18229.4028125,,,,,,,,,,2015.60974121094,,18669.1398602295,,,,,,,,,,12179,,,,,12154,,,12195,,,,,7575,,,250.048828125,0,16,,,,,0,,200
,3223.95324707031,,,,,,,,,,,,2033.99658203125,,,,,,,,,,,,2.5177001953125,,,,,,,,,,,,,,,,,,,,,,,,,,,264.375,0,16,,,,,0,,200
712.58544921875,,,,,,,,,,,,728.1494140625,,,,,,,,,,,,4484.55810546875,,,,,,,,,,,,,,,,,,,,,,,,,,,,278.701171875,32,16,,,,,0,,200
,3223.95324707031,,12185,,,,,,,,,,2.5177001953125,,12156,,,,,,,,,,113.83056640625,,12173,,,,,,17853.4050201416,,,,,,,18671.7246087646,,,,,18186.0680554199,,,40307.4158477783,,,,292.763671875,32,16,,,,,0,,200
2970.19958496094,,,,,,,,,,,,1897.35412597656,,,,,,,,,,,,2.6702880859375,,,,,,,,,,,,,,,,,,,,,,,,,,,,307.529296875,32,16,,,,,0,,200
,1130.21850585938,,,,,,,,,,,,2021.94213867187,,,,,,,,,,,,4350.73852539062,,,,,,,,,,,,,,,,,,,,,,,,,,,322.03125,32,16,,,,,0,,200
,,,,,,,,,,,,,,,,,,,,,,,,,,,,,,,,,,,,,,,,,,,,,,,,,,,,,,,938,940,418620,3333,0,,200
2.44140625,,18663.6191162109,,,,,,,,,,1974.10583496094,,18229.4028125,,,,,,,,,,2015.60974121094,,18669.1398602295,,,,,,,,,,12179,,,,,12154,,,12195,,,,,7575,,,337.060546875,32,16,,,,,0,,200
,3223.95324707031,,,,,,,,,,,,2033.99658203125,,,,,,,,,,,,2.5177001953125,,,,,,,,,,,,,,,,,,,,,,,,,,,350.859375,32,16,,,,,0,,200
712.58544921875,,,,,,,,,,,,728.1494140625,,,,,,,,,,,,4484.55810546875,,,,,,,,,,,,,,,,,,,,,,,,,,,,5.625,0,0,,,,,0,,200
,3223.95324707031,,12185,,,,,,,,,,2.5177001953125,,12156,,,,,,,,,,189.132690429687,,12173,,,,,,17853.4050201416,,,,,,,18671.7246087646,,,,,18186.0680554199,,,40307.4158477783,,,,19.072265625,0,0,,,,,0,,200
2970.19958496094,,,,,,,,,,,,4999.92370605469,,,,,,,,,,,,4999.92370605469,,,,,,,,,,,,,,,,,,,,,,,,,,,,34.013671875,0,0,,,,,0,,200
,4999.92370605469,,,,,,,,,,,,4999.92370605469,,,,,,,,,,,,4999.92370605469,,,,,,,,,,,,,,,,,,,,,,,,,,,47.98828125,0,0,,,,,0,,200
,,,,,,,,,,,,,,,,,,,,,,,,,,,,,,,,,,,,,,,,,,,,,,,,,,,,,,,14,16,418680,3333,0,,200
4999.92370605469,,18663.6191162109,,,,,,,,,,4999.92370605469,,18229.4028125,,,,,,,,,,4999.92370605469,,18669.1398602295,,,,,,,,,,12179,,,,,12154,,,12195,,,,,31993,,,63.28125,0,0,,,,,0,,200
,4999.92370605469,,,,,,,,,,,,4999.92370605469,,,,,,,,,,,,4999.92370605469,,,,,,,,,,,,,,,,,,,,,,,,,,,77.16796875,0,0,,,,,0,,200
4999.92370605469,,,,,,,,,,,,4999.92370605469,,,,,,,,,,,,4999.92370605469,,,,,,,,,,,,,,,,,,,,,,,,,,,,92.28515625,0,0,,,,,0,,200
,4999.92370605469,,12185,,,,,,,,,,4999.92370605469,,12156,,,,,,,,,,4999.92370605469,,12173,,,,,,17853.4050201416,,,,,,,18671.7246087646,,,,,18186.0680554199,,,44937.4673187256,,,,106.171875,32,0,,,,,0,,200
4999.92370605469,,,,,,,,,,,,4999.92370605469,,,,,,,,,,,,4999.92370605469,,,,,,,,,,,,,,,,,,,,,,,,,,,,121.11328125,32,0,,,,,0,,200
,4999.92370605469,,,,,,,,,,,,4999.92370605469,,,,,,,,,,,,4999.92370605469,,,,,,,,,,,,,,,,,,,,,,,,,,,135.263671875,32,0,,,,,0,,200
,,,,,,,,,,,,,,,,,,,,,,,,,,,,,,,,,,,,,,,,,,,,,,,,,,,,,,,114,116,418740,3333,0,,200
4999.92370605469,,18663.6191162109,,,,,,,,,,4999.92370605469,,18229.4028125,,,,,,,,,,4999.92370605469,,18669.1398602295,,,,,,,,,,12179,,,,,12154,,,12195,,,,,31993,,,150.029296875,32,0,,,,,0,,200
,4999.92370605469,,,,,,,,,,,,4999.92370605469,,,,,,,,,,,,4999.92370605469,,,,,,,,,,,,,,,,,,,,,,,,,,,164.00390625,32,0,,,,,0,,200
4999.92370605469,,,,,,,,,,,,4999.92370605469,,,,,,,,,,,,4999.92370605469,,,,,,,,,,,,,,,,,,,,,,,,,,,,179.12109375,32,0,,,,,0,,200
,4999.92370605469,,12185,,,,,,,,,,4999.92370605469,,12156,,,,,,,,,,4999.92370605469,,12173,,,,,,17853.4050201416,,,,,,,18671.7246087646,,,,,18186.0680554199,,,44937.4673187256,,,,193.0078125,0,16,,,,,0,,200
4999.92370605469,,,,,,,,,,,,4999.92370605469,,,,,,,,,,,,4999.92370605469,,,,,,,,,,,,,,,,,,,,,,,,,,,,207.685546875,0,16,,,,,0,,200
,4999.92370605469,,,,,,,,,,,,4999.92370605469,,,,,,,,,,,,4999.92370605469,,,,,,,,,,,,,,,,,,,,,,,,,,,221.923828125,0,16,,,,,0,,200
,,,,,,,,,,,,,,,,,,,,,,,,,,,,,,,,,,,,,,,,,,,,,,,,,,,,,,,214,216,418800,3333,0,,200
4999.92370605469,,18663.6191162109,,,,,,,,,,4999.92370605469,,18229.4028125,,,,,,,,,,4999.92370605469,,18669.1398602295,,,,,,,,,,12179,,,,,12154,,,12195,,,,,31993,,,237.12890625,0,16,,,,,0,,200
,4999.92370605469,,,,,,,,,,,,4999.92370605469,,,,,,,,,,,,4999.92370605469,,,,,,,,,,,,,,,,,,,,,,,,,,,251.19140625,0,16,,,,,0,,200
4999.92370605469,,,,,,,,,,,,4999.92370605469,,,,,,,,,,,,4999.92370605469,,,,,,,,,,,,,,,,,,,,,,,,,,,,265.78125,0,16,,,,,0,,200
,4999.92370605469,,12185,,,,,,,,,,4999.92370605469,,12156,,,,,,,,,,4999.92370605469,,12173,,,,,,17853.4050201416,,,,,,,18671.7246087646,,,,,18186.0680554199,,,44937.4673187256,,,,280.01953125,32,16,,,,,0,,200
4999.92370605469,,,,,,,,,,,,4999.92370605469,,,,,,,,,,,,4999.92370605469,,,,,,,,,,,,,,,,,,,,,,,,,,,,294.43359375,32,16,,,,,0,,200
,4999.92370605469,,,,,,,,,,,,4999.92370605469,,,,,,,,,,,,4999.92370605469,,,,,,,,,,,,,,,,,,,,,,,,,,,308.935546875,32,16,,,,,0,,200
,,,,,,,,,,,,,,,,,,,,,,,,,,,,,,,,,,,,,,,,,,,,,,,,,,,,,,,314,316,418860,3333,0,,200
4999.92370605469,,18663.6191162109,,,,,,,,,,4999.92370605469,,18229.4028125,,,,,,,,,,4999.92370605469,,18669.1398602295,,,,,,,,,,12179,,,,,12154,,,12195,,,,,31993,,,323.61328125,32,16,,,,,0,,200
,4999.92370605469,,,,,,,,,,,,4999.92370605469,,,,,,,,,,,,4999.92370605469,,,,,,,,,,,,,,,,,,,,,,,,,,,338.291015625,32,16,,,,,0,,200
4999.92370605469,,,,,,,,,,,,4999.92370605469,,,,,,,,,,,,4999.92370605469,,,,,,,,,,,,,,,,,,,,,,,,,,,,352.265625,32,16,,,,,0,,200
,4999.92370605469,,12185,,,,,,,,,,4999.92370605469,,12156,,,,,,,,,,4999.92370605469,,12173,,,,,,17853.4050201416,,,,,,,18671.7246087646,,,,,18186.0680554199,,,44937.4673187256,,,,5.537109375,0,0,,,,,0,,200
4999.92370605469,,,,,,,,,,,,4999.92370605469,,,,,,,,,,,,4999.92370605469,,,,,,,,,,,,,,,,,,,,,,,,,,,,19.072265625,0,0,,,,,0,,200
,4999.92370605469,,,,,,,,,,,,4999.92370605469,,,,,,,,,,,,4999.92370605469,,,,,,,,,,,,,,,,,,,,,,,,,,,34.1015625,0,0,,,,,0,,200
,,,,,,,,,,,,,,,,,,,,,,,,,,,,,,,,,,,,,,,,,,,,,,,,,,,,,,,414,416,418920,3333,0,,200
4999.92370605469,,18663.6191162109,,,,,,,,,,4999.92370605469,,18229.4028125,,,,,,,,,,4999.92370605469,,18669.1398602295,,,,,,,,,,12179,,,,,12154,,,12195,,,,,31993,,,48.076171875,0,0,,,,,0,,200
,4999.92370605469,,,,,,,,,,,,4999.92370605469,,,,,,,,,,,,4999.92370605469,,,,,,,,,,,,,,,,,,,,,,,,,,,63.28125,0,0,,,,,0,,200
4999.92370605469,,,,,,,,,,,,4999.92370605469,,,,,,,,,,,,4999.92370605469,,,,,,,,,,,,,,,,,,,,,,,,,,,,77.34375,0,0,,,,,0,,200
,4999.92370605469,,12185,,,,,,,,,,4999.92370605469,,12156,,,,,,,,,,4999.92370605469,,12173,,,,,,17853.4050201416,,,,,,,18671.7246087646,,,,,18186.0680554199,,,44937.4673187256,,,,92.28515625,0,0,,,,,0,,200
4999.92370605469,,,,,,,,,,,,4999.92370605469,,,,,,,,,,,,4999.92370605469,,,,,,,,,,,,,,,,,,,,,,,,,,,,106.083984375,32,0,,,,,0,,200
,4999.92370605469,,,,,,,,,,,,4999.92370605469,,,,,,,,,,,,4350.73852539062,,,,,,,,,,,,,,,,,,,,,,,,,,,121.025390625,32,0,,,,,0,,200
,,,,,,,,,,,,,,,,,,,,,,,,,,,,,,,,,,,,,,,,,,,,,,,,,,,,,,,514,516,418980,3333,0,,200
2.44140625,,18663.6191162109,,,,,,,,,,1974.10583496094,,18229.4028125,,,,,,,,,,2015.60974121094,,18669.1398602295,,,,,,,,,,12179,,,,,12154,,,12195,,,,,7575,,,135.263671875,32,0,,,,,0,,200
,3223.95324707031,,,,,,,,,,,,2033.99658203125,,,,,,,,,,,,2.5177001953125,,,,,,,,,,,,,,,,,,,,,,,,,,,150.1171875,32,0,,,,,0,,200
712.58544921875,,,,,,,,,,,,728.1494140625,,,,,,,,,,,,4484.55810546875,,,,,,,,,,,,,,,,,,,,,,,,,,,,164.091796875,32,0,,,,,0,,200
,3223.95324707031,,12185,,,,,,,,,,2.5177001953125,,12156,,,,,,,,,,15.411376953125,,12173,,,,,,17853.4050201416,,,,,,,18671.7246087646,,,,,18186.0680554199,,,40307.4158477783,,,,179.208984375,32,0,,,,,0,,200
1739.73083496094,,,,,,,,,,,,1897.35412597656,,,,,,,,,,,,2.6702880859375,,,,,,,,,,,,,,,,,,,,,,,,,,,,193.0078125,0,16,,,,,0,,200
,1130.21850585938,,,,,,,,,,,,2021.94213867187,,,,,,,,,,,,4350.73852539062,,,,,,,,,,,,,,,,,,,,,,,,,,,207.7734375,0,16,,,,,0,,200
,,,,,,,,,,,,,,,,,,,,,,,,,,,,,,,,,,,,,,,,,,,,,,,,,,,,,,,614,616,419040,3333,0,,200
0.0,,18663.6191162109,,,,,,,,,,1974.10583496094,,18229.4028125,,,,,,,,,,2015.60974121094,,18669.1398602295,,,,,,,,,,12179,,,,,12154,,,12195,,,,,7575,,,222.01171875,0,16,,,,,0,,200
,3223.95324707031,,,,,,,,,,,,2033.99658203125,,,,,,,,,,,,2.5177001953125,,,,,,,,,,,,,,,,,,,,,,,,,,,237.3046875,0,16,,,,,0,,200
712.58544921875,,,,,,,,,,,,728.1494140625,,,,,,,,,,,,4484.55810546875,,,,,,,,,,,,,,,,,,,,,,,,,,,,251.19140625,0,16,,,,,0,,200
,3223.95324707031,,12185,,,,,,,,,,2.5177001953125,,12156,,,,,,,,,,91.0186767578125,,12173,,,,,,17853.4050201416,,,,,,,18671.7246087646,,,,,18186.0680554199,,,40307.4158477783,,,,265.869140625,0,16,,,,,0,,200
2970.19958496094,,,,,,,,,,,,1897.35412597656,,,,,,,,,,,,2.6702880859375,,,,,,,,,,,,,,,,,,,,,,,,,,,,280.01953125,32,16,,,,,0,,200
,1130.21850585938,,,,,,,,,,,,2021.94213867187,,,,,,,,,,,,4350.73852539062,,,,,,,,,,,,,,,,,,,,,,,,,,,294.521484375,32,16,,,,,0,,200
,,,,,,,,,,,,,,,,,,,,,,,,,,,,,,,,,,,,,,,,,,,,,,,,,,,,,,,714,716,419100,3333,0,,200
2.44140625,,18663.6191162109,,,,,,,,,,1974.10583496094,,18229.4028125,,,,,,,,,,2015.60974121094,,18669.1398602295,,,,,,,,,,12179,,,,,12154,,,12195,,,,,7575,,,308.935546875,32,16,,,,,0,,200
,3223.95324707031,,,,,,,,,,,,2033.99658203125,,,,,,,,,,,,2.5177001953125,,,,,,,,,,,,,,,,,,,,,,,,,,,323.701171875,32,16,,,,,0,,200
712.58544921875,,,,,,,,,,,,728.1494140625,,,,,,,,,,,,4484.55810546875,,,,,,,,,,,,,,,,,,,,,,,,,,,,338.203125,32,16,,,,,0,,200
,3223.95324707031,,12185,,,,,,,,,,2.5177001953125,,12156,,,,,,,,,,166.397094726562,,12173,,,,,,17853.4050201416,,,,,,,18671.7246087646,,,,,18186.0680554199,,,40307.4158477783,,,,352.353515625,32,16,,,,,0,,200
2970.19958496094,,,,,,,,,,,,1897.35412597656,,,,,,,,,,,,2.6702880859375,,,,,,,,,,,,,,,,,,,,,,,,,,,,6.85546875,0,0,,,,,0,,200
,1130.21850585938,,,,,,,,,,,,2021.94213867187,,,,,,,,,,,,4350.73852539062,,,,,,,,,,,,,,,,,,,,,,,,,,,20.390625,0,0,,,,,0,,200
,,,,,,,,,,,,,,,,,,,,,,,,,,,,,,,,,,,,,,,,,,,,,,,,,,,,,,,814,816,419160,3333,0,,200
0.0,,18663.6191162109,,,,,,,,,,1974.10583496094,,18229.4028125,,,,,,,,,,2015.60974121094,,18669.1398602295,,,,,,,,,,12179,,,,,12154,,,12195,,,,,7575,,,35.419921875,0,0,,,,,0,,200
,3223.95324707031,,,,,,,,,,,,2033.99658203125,,,,,,,,,,,,2.5177001953125,,,,,,,,,,,,,,,,,,,,,,,,,,,49.482421875,0,0,,,,,0,,200
712.58544921875,,,,,,,,,,,,728.1494140625,,,,,,,,,,,,4484.55810546875,,,,,,,,,,,,,,,,,,,,,,,,,,,,64.599609375,0,0,,,,,0,,200
,3223.95324707031,,12185,,,,,,,,,,2.5177001953125,,12156,,,,,,,,,,241.928100585937,,12173,,,,,,17853.4050201416,,,,,,,18671.7246087646,,,,,18186.0680554199,,,40307.4158477783,,,,78.75,0,0,,,,,0,,200
1739.73083496094,,,,,,,,,,,,1897.35412597656,,,,,,,,,,,,2.6702880859375,,,,,,,,,,,,,,,,,,,,,,,,,,,,93.69140625,0,0,,,,,0,,200
,1130.21850585938,,,,,,,,,,,,2021.94213867187,,,,,,,,,,,,4350.73852539062,,,,,,,,,,,,,,,,,,,,,,,,,,,107.578125,32,0,,,,,0,,200
,,,,,,,,,,,,,,,,,,,,,,,,,,,,,,,,,,,,,,,,,,,,,,,,,,,,,,,914,916,419220,3333,0,,200
2.44140625,,18663.6191162109,,,,,,,,,,1974.10583496094,,18229.4028125,,,,,,,,,,2015.60974121094,,18669.1398602295,,,,,,,,,,12179,,,,,12154,,,12195,,,,,7575,,,122.51953125,32,0,,,,,0,,200
,3223.95324707031,,,,,,,,,,,,2033.99658203125,,,,,,,,,,,,2.5177001953125,,,,,,,,,,,,,,,,,,,,,,,,,,,136.58203125,32,0,,,,,0,,200
712.58544921875,,,,,,,,,,,,728.1494140625,,,,,,,,,,,,4484.55810546875,,,,,,,,,,,,,,,,,,,,,,,,,,,,151.435546875,32,0,,,,,0,,200
,3223.95324707031,,12185,,,,,,,,,,2.5177001953125,,12156,,,,,,,,,,4.8828125,,12173,,,,,,17853.4050201416,,,,,,,18671.7246087646,,,,,18186.0680554199,,,40307.4158477783,,,,165.41015625,32,0,,,,,0,,200
2970.19958496094,,,,,,,,,,,,1897.35412597656,,,,,,,,,,,,2.6702880859375,,,,,,,,,,,,,,,,,,,,,,,,,,,,180.615234375,32,0,,,,,0,,200
,1130.21850585938,,,,,,,,,,,,2021.94213867187,,,,,,,,,,,,4350.73852539062,,,,,,,,,,,,,,,,,,,,,,,,,,,194.4140625,0,16,,,,,0,,200
,,,,,,,,,,,,,,,,,,,,,,,,,,,,,,,,,,,,,,,,,,,,,,,,,,,,,,,1014,1016,419280,3333,0,,200
4999.92370605469,,18663.6191162109,,,,,,,,,,4999.92370605469,,18229.4028125,,,,,,,,,,4999.92370605469,,18669.1398602295,,,,,,,,,,12179,,,,,12154,,,12195,,,,,31993,,,209.267578125,0,16,,,,,0,,200
,4999.92370605469,,,,,,,,,,,,4999.92370605469,,,,,,,,,,,,4999.92370605469,,,,,,,,,,,,,,,,,,,,,,,,,,,223.330078125,0,16,,,,,0,,200
4999.92370605469,,,,,,,,,,,,4999.92370605469,,,,,,,,,,,,4999.92370605469,,,,,,,,,,,,,,,,,,,,,,,,,,,,238.7109375,0,16,,,,,0,,200
,4999.92370605469,,12185,,,,,,,,,,4999.92370605469,,12156,,,,,,,,,,4999.92370605469,,12173,,,,,,17853.4050201416,,,,,,,18671.7246087646,,,,,18186.0680554199,,,44937.4673187256,,,,252.509765625,0,16,,,,,0,,200
4999.92370605469,,,,,,,,,,,,4999.92370605469,,,,,,,,,,,,4999.92370605469,,,,,,,,,,,,,,,,,,,,,,,,,,,,267.36328125,0,16,,,,,0,,200
,4999.92370605469,,,,,,,,,,,,4999.92370605469,,,,,,,,,,,,4999.92370605469,,,,,,,,,,,,,,,,,,,,,,,,,,,281.25,32,16,,,,,0,,200
,,,,,,,,,,,,,,,,,,,,,,,,,,,,,,,,,,,,,,,,,,,,,,,,,,,,,,,90,92,419340,3333,0,,200
4999.92370605469,,18663.6191162109,,,,,,,,,,4999.92370605469,,18229.4028125,,,,,,,,,,4999.92370605469,,18669.1398602295,,,,,,,,,,12179,,,,,12154,,,12195,,,,,31993,,,295.927734375,32,16,,,,,0,,200
,4999.92370605469,,,,,,,,,,,,4999.92370605469,,,,,,,,,,,,4999.92370605469,,,,,,,,,,,,,,,,,,,,,,,,,,,310.166015625,32,16,,,,,0,,200
4999.92370605469,,,,,,,,,,,,4999.92370605469,,,,,,,,,,,,4999.92370605469,,,,,,,,,,,,,,,,,,,,,,,,,,,,325.1953125,32,16,,,,,0,,200
,4999.92370605469,,12185,,,,,,,,,,4999.92370605469,,12156,,,,,,,,,,4999.92370605469,,12173,,,,,,17853.4050201416,,,,,,,18671.7246087646,,,,,18186.0680554199,,,44937.4673187256,,,,339.43359375,32,16,,,,,0,,200
4999.92370605469,,,,,,,,,,,,4999.92370605469,,,,,,,,,,,,4999.92370605469,,,,,,,,,,,,,,,,,,,,,,,,,,,,353.84765625,32,16,,,,,0,,200
,4999.92370605469,,,,,,,,,,,,4999.92370605469,,,,,,,,,,,,4999.92370605469,,,,,,,,,,,,,,,,,,,,,,,,,,,8.173828125,0,0,,,,,0,,200
,,,,,,,,,,,,,,,,,,,,,,,,,,,,,,,,,,,,,,,,,,,,,,,,,,,,,,,190,192,419400,3333,0,,200
4999.92370605469,,18663.6191162109,,,,,,,,,,4999.92370605469,,18229.4028125,,,,,,,,,,4999.92370605469,,18669.1398602295,,,,,,,,,,12179,,,,,12154,,,12195,,,,,31993,,,22.060546875,0,0,,,,,0,,200
,4999.92370605469,,,,,,,,,,,,4999.92370605469,,,,,,,,,,,,4999.92370605469,,,,,,,,,,,,,,,,,,,,,,,,,,,36.826171875,0,0,,,,,0,,200
4999.92370605469,,,,,,,,,,,,4999.92370605469,,,,,,,,,,,,4999.92370605469,,,,,,,,,,,,,,,,,,,,,,,,,,,,51.064453125,0,0,,,,,0,,200
,4999.92370605469,,12185,,,,,,,,,,4999.92370605469,,12156,,,,,,,,,,4999.92370605469,,12173,,,,,,17853.4050201416,,,,,,,18671.7246087646,,,,,18186.0680554199,,,44937.4673187256,,,,66.005859375,0,0,,,,,0,,200
4999.92370605469,,,,,,,,,,,,4999.92370605469,,,,,,,,,,,,4999.92370605469,,,,,,,,,,,,,,,,,,,,,,,,,,,,80.244140625,0,0,,,,,0,,200
,4999.92370605469,,,,,,,,,,,,4999.92370605469,,,,,,,,,,,,4999.92370605469,,,,,,,,,,,,,,,,,,,,,,,,,,,95.09765625,32,0,,,,,0,,200
,,,,,,,,,,,,,,,,,,,,,,,,,,,,,,,,,,,,,,,,,,,,,,,,,,,,,,,290,292,419460,3333,0,,200
4999.92370605469,,18663.6191162109,,,,,,,,,,4999.92370605469,,18229.4028125,,,,,,,,,,4999.92370605469,,18669.1398602295,,,,,,,,,,12179,,,,,12154,,,12195,,,,,31993,,,108.984375,32,0,,,,,0,,200
,4999.92370605469,,,,,,,,,,,,4999.92370605469,,,,,,,,,,,,4999.92370605469,,,,,,,,,,,,,,,,,,,,,,,,,,,124.013671875,32,0,,,,,0,,200
4999.92370605469,,,,,,,,,,,,4999.92370605469,,,,,,,,,,,,4999.92370605469,,,,,,,,,,,,,,,,,,,,,,,,,,,,138.076171875,32,0,,,,,0,,200
,4999.92370605469,,12185,,,,,,,,,,4999.92370605469,,12156,,,,,,,,,,4999.92370605469,,12173,,,,,,17853.4050201416,,,,,,,18671.7246087646,,,,,18186.0680554199,,,44937.4673187256,,,,152.9296875,32,0,,,,,0,,200
4999.92370605469,,,,,,,,,,,,4999.92370605469,,,,,,,,,,,,4999.92370605469,,,,,,,,,,,,,,,,,,,,,,,,,,,,166.904296875,32,0,,,,,0,,200
,4999.92370605469,,,,,,,,,,,,4999.92370605469,,,,,,,,,,,,4999.92370605469,,,,,,,,,,,,,,,,,,,,,,,,,,,182.021484375,32,0,,,,,0,,200
,,,,,,,,,,,,,,,,,,,,,,,,,,,,,,,,,,,,,,,,,,,,,,,,,,,,,,,390,392,419520,3333,0,,200
4999.92370605469,,18663.6191162109,,,,,,,,,,4999.92370605469,,18229.4028125,,,,,,,,,,4999.92370605469,,18669.1398602295,,,,,,,,,,12179,,,,,12154,,,12195,,,,,31993,,,195.8203125,0,16,,,,,0,,200
,4999.92370605469,,,,,,,,,,,,4999.92370605469,,,,,,,,,,,,4999.92370605469,,,,,,,,,,,,,,,,,,,,,,,,,,,210.673828125,0,16,,,,,0,,200
4999.92370605469,,,,,,,,,,,,4999.92370605469,,,,,,,,,,,,4999.92370605469,,,,,,,,,,,,,,,,,,,,,,,,,,,,224.82421875,0,16,,,,,0,,200
,4999.92370605469,,12185,,,,,,,,,,4999.92370605469,,12156,,,,,,,,,,4999.92370605469,,12173,,,,,,17853.4050201416,,,,,,,18671.7246087646,,,,,18186.0680554199,,,44937.4673187256,,,,240.205078125,0,16,,,,,0,,200
4999.92370605469,,,,,,,,,,,,4999.92370605469,,,,,,,,,,,,4999.92370605469,,,,,,,,,,,,,,,,,,,,,,,,,,,,253.916015625,0,16,,,,,0,,200
,4999.92370605469,,,,,,,,,,,,4999.92370605469,,,,,,,,,,,,4999.92370605469,,,,,,,,,,,,,,,,,,,,,,,,,,,268.9453125,0,16,,,,,0,,200
,,,,,,,,,,,,,,,,,,,,,,,,,,,,,,,,,,,,,,,,,,,,,,,,,,,,,,,490,492,419580,3333,0,,200
4999.92370605469,,18663.6191162109,,,,,,,,,,4999.92370605469,,18229.4028125,,,,,,,,,,2015.60974121094,,18669.1398602295,,,,,,,,,,12179,,,,,12154,,,12195,,,,,7575,,,282.744140625,32,16,,,,,0,,200
,3223.95324707031,,,,,,,,,,,,2033.99658203125,,,,,,,,,,,,2.5177001953125,,,,,,,,,,,,,,,,,,,,,,,,,,,297.421875,32,16,,,,,0,,200
712.58544921875,,,,,,,,,,,,728.1494140625,,,,,,,,,,,,4484.55810546875,,,,,,,,,,,,,,,,,,,,,,,,,,,,311.572265625,32,16,,,,,0,,200
,3223.95324707031,,12185,,,,,,,,,,2.5177001953125,,12156,,,,,,,,,,142.440795898437,,12173,,,,,,17853.4050201416,,,,,,,18671.7246087646,,,,,18186.0680554199,,,40307.4158477783,,,,326.689453125,32,16,,,,,0,,200
2970.19958496094,,,,,,,,,,,,1897.35412597656,,,,,,,,,,,,2.6702880859375,,,,,,,,,,,,,,,,,,,,,,,,,,,,340.751953125,32,16,,,,,0,,200
,1130.21850585938,,,,,,,,,,,,2021.94213867187,,,,,,,,,,,,4350.73852539062,,,,,,,,,,,,,,,,,,,,,,,,,,,355.341796875,32,16,,,,,0,,200
,,,,,,,,,,,,,,,,,,,,,,,,,,,,,,,,,,,,,,,,,,,,,,,,,,,,,,,590,592,419640,3333,0,,200
0.0,,18663.6191162109,,,,,,,,,,1974.10583496094,,18229.4028125,,,,,,,,,,2015.60974121094,,18669.1398602295,,,,,,,,,,12179,,,,,12154,,,12195,,,,,7575,,,9.580078125,0,0,,,,,0,,200
,3223.95324707031,,,,,,,,,,,,2033.99658203125,,,,,,,,,,,,2.5177001953125,,,,,,,,,,,,,,,,,,,,,,,,,,,23.642578125,0,0,,,,,0,,200
712.58544921875,,,,,,,,,,,,728.1494140625,,,,,,,,,,,,4484.55810546875,,,,,,,,,,,,,,,,,,,,,,,,,,,,38.232421875,0,0,,,,,0,,200
,3223.95324707031,,12185,,,,,,,,,,2.5177001953125,,12156,,,,,,,,,,218.048095703125,,12173,,,,,,17853.4050201416,,,,,,,18671.7246087646,,,,,18186.0680554199,,,40307.4158477783,,,,52.646484375,0,0,,,,,0,,200
2970.19958496094,,,,,,,,,,,,1897.35412597656,,,,,,,,,,,,2.6702880859375,,,,,,,,,,,,,,,,,,,,,,,,,,,,67.412109375,0,0,,,,,0,,200
,1130.21850585938,,,,,,,,,,,,2021.94213867187,,,,,,,,,,,,4350.73852539062,,,,,,,,,,,,,,,,,,,,,,,,,,,81.826171875,0,0,,,,,0,,200
,,,,,,,,,,,,,,,,,,,,,,,,,,,,,,,,,,,,,,,,,,,,,,,,,,,,,,,690,692,419700,3333,0,,200
2.44140625,,18663.6191162109,,,,,,,,,,1974.10583496094,,18229.4028125,,,,,,,,,,2015.60974121094,,18669.1398602295,,,,,,,,,,12179,,,,,12154,,,12195,,,,,7575,,,96.416015625,32,0,,,,,0,,200
,3223.95324707031,,,,,,,,,,,,2033.99658203125,,,,,,,,,,,,2.5177001953125,,,,,,,,,,,,,,,,,,,,,,,,,,,110.390625,32,0,,,,,0,,200
712.58544921875,,,,,,,,,,,,728.1494140625,,,,,,,,,,,,4484.55810546875,,,,,,,,,,,,,,,,,,,,,,,,,,,,125.419921875,32,0,,,,,0,,200
,3223.95324707031,,12185,,,,,,,,,,2.5177001953125,,12156,,,,,,,,,,293.5791015625,,12173,,,,,,17853.4050201416,,,,,,,18671.7246087646,,,,,18186.0680554199,,,40307.4158477783,,,,139.658203125,32,0,,,,,0,,200
2970.19958496094,,,,,,,,,,,,1897.35412597656,,,,,,,,,,,,2.6702880859375,,,,,,,,,,,,,,,,,,,,,,,,,,,,154.3359375,32,0,,,,,0,,200
,1130.21850585938,,,,,,,,,,,,2021.94213867187,,,,,,,,,,,,4350.73852539062,,,,,,,,,,,,,,,,,,,,,,,,,,,168.3984375,32,0,,,,,0,,200
,,,,,,,,,,,,,,,,,,,,,,,,,,,,,,,,,,,,,,,,,,,,,,,,,,,,,,,790,792,419760,3333,0,,200
0.0,,18663.6191162109,,,,,,,,,,1974.10583496094,,18229.4028125,,,,,,,,,,2015.60974121094,,18669.1398602295,,,,,,,,,,12179,,,,,12154,,,12195,,,,,7575,,,183.515625,0,16,,,,,0,,200
,3223.95324707031,,,,,,,,,,,,2033.99658203125,,,,,,,,,,,,2.5177001953125,,,,,,,,,,,,,,,,,,,,,,,,,,,197.2265625,0,16,,,,,0,,200
712.58544921875,,,,,,,,,,,,728.1494140625,,,,,,,,,,,,4484.55810546875,,,,,,,,,,,,,,,,,,,,,,,,,,,,212.255859375,0,16,,,,,0,,200
,3223.95324707031,,12185,,,,,,,,,,2.5177001953125,,12156,,,,,,,,,,56.0760498046875,,12173,,,,,,17853.4050201416,,,,,,,18671.7246087646,,,,,18186.0680554199,,,40307.4158477783,,,,226.318359375,0,16,,,,,0,,200
2970.19958496094,,,,,,,,,,,,1897.35412597656,,,,,,,,,,,,2.6702880859375,,,,,,,,,,,,,,,,,,,,,,,,,,,,241.69921875,0,16,,,,,0,,200
,1130.21850585938,,,,,,,,,,,,2021.94213867187,,,,,,,,,,,,4350.73852539062,,,,,,,,,,,,,,,,,,,,,,,,,,,255.41015625,0,16,,,,,0,,200
,,,,,,,,,,,,,,,,,,,,,,,,,,,,,,,,,,,,,,,,,,,,,,,,,,,,,,,890,892,419820,3333,0,,200
2.44140625,,18663.6191162109,,,,,,,,,,1974.10583496094,,18229.4028125,,,,,,,,,,2015.60974121094,,18669.1398602295,,,,,,,,,,12179,,,,,12154,,,12195,,,,,7575,,,270.439453125,0,16,,,,,0,,200
,3223.95324707031,,,,,,,,,,,,2033.99658203125,,,,,,,,,,,,2.5177001953125,,,,,,,,,,,,,,,,,,,,,,,,,,,284.150390625,32,16,,,,,0,,200
712.58544921875,,,,,,,,,,,,728.1494140625,,,,,,,,,,,,4484.55810546875,,,,,,,,,,,,,,,,,,,,,,,,,,,,299.00390625,32,16,,,,,0,,200
,3223.95324707031,,12185,,,,,,,,,,2.5177001953125,,12156,,,,,,,,,,131.454467773438,,12173,,,,,,17853.4050201416,,,,,,,18671.7246087646,,,,,18186.0680554199,,,40307.4158477783,,,,313.06640625,32,16,,,,,0,,200
2970.19958496094,,,,,,,,,,,,1897.35412597656,,,,,,,,,,,,2.6702880859375,,,,,,,,,,,,,,,,,,,,,,,,,,,,328.271484375,32,16,,,,,0,,200
,1130.21850585938,,,,,,,,,,,,2021.94213867187,,,,,,,,,,,,4350.73852539062,,,,,,,,,,,,,,,,,,,,,,,,,,,342.158203125,32,16,,,,,0,,200
,,,,,,,,,,,,,,,,,,,,,,,,,,,,,,,,,,,,,,,,,,,,,,,,,,,,,,,990,992,419880,3333,0,,200
0.0,,18663.6191162109,,,,,,,,,,1974.10583496094,,18229.4028125,,,,,,,,,,2015.60974121094,,18669.1398602295,,,,,,,,,,12179,,,,,12154,,,12195,,,,,7575,,,356.8359375,32,16,,,,,0,,200
,4999.92370605469,,,,,,,,,,,,4999.92370605469,,,,,,,,,,,,4999.92370605469,,,,,,,,,,,,,,,,,,,,,,,,,,,10.810546875,0,0,,,,,0,,200
4999.92370605469,,,,,,,,,,,,4999.92370605469,,,,,,,,,,,,4999.92370605469,,,,,,,,,,,,,,,,,,,,,,,,,,,,25.13671875,0,0,,,,,0,,200
,4999.92370605469,,12185,,,,,,,,,,4999.92370605469,,12156,,,,,,,,,,4999.92370605469,,12173,,,,,,17853.4050201416,,,,,,,18671.7246087646,,,,,18186.0680554199,,,44937.4673187256,,,,39.55078125,0,0,,,,,0,,200
4999.92370605469,,,,,,,,,,,,4999.92370605469,,,,,,,,,,,,4999.92370605469,,,,,,,,,,,,,,,,,,,,,,,,,,,,54.228515625,0,0,,,,,0,,200
,4999.92370605469,,,,,,,,,,,,4999.92370605469,,,,,,,,,,,,4999.92370605469,,,,,,,,,,,,,,,,,,,,,,,,,,,68.818359375,0,0,,,,,0,,200
,,,,,,,,,,,,,,,,,,,,,,,,,,,,,,,,,,,,,,,,,,,,,,,,,,,,,,,66,68,419940,3333,0,,200
4999.92370605469,,18663.6191162109,,,,,,,,,,4999.92370605469,,18229.4028125,,,,,,,,,,4999.92370605469,,18669.1398602295,,,,,,,,,,12179,,,,,12154,,,12195,,,,,31993,,,83.408203125,0,0,,,,,0,,200
,4999.92370605469,,,,,,,,,,,,4999.92370605469,,,,,,,,,,,,4999.92370605469,,,,,,,,,,,,,,,,,,,,,,,,,,,97.822265625,32,0,,,,,0,,200
4999.92370605469,,,,,,,,,,,,4999.92370605469,,,,,,,,,,,,4999.92370605469,,,,,,,,,,,,,,,,,,,,,,,,,,,,111.97265625,32,0,,,,,0,,200
,4999.92370605469,,12185,,,,,,,,,,4999.92370605469,,12156,,,,,,,,,,4999.92370605469,,12173,,,,,,17853.4050201416,,,,,,,18671.7246087646,,,,,18186.0680554199,,,44937.4673187256,,,,126.826171875,32,0,,,,,0,,200
4999.92370605469,,,,,,,,,,,,4999.92370605469,,,,,,,,,,,,4999.92370605469,,,,,,,,,,,,,,,,,,,,,,,,,,,,141.15234375,32,0,,,,,0,,200
,4999.92370605469,,,,,,,,,,,,4999.92370605469,,,,,,,,,,,,4999.92370605469,,,,,,,,,,,,,,,,,,,,,,,,,,,155.7421875,32,0,,,,,0,,200
,,,,,,,,,,,,,,,,,,,,,,,,,,,,,,,,,,,,,,,,,,,,,,,,,,,,,,,166,168,420000,3333,0,,200
4999.92370605469,,18663.6191162109,,,,,,,,,,4999.92370605469,,18229.4028125,,,,,,,,,,4999.92370605469,,18669.1398602295,,,,,,,,,,12179,,,,,12154,,,12195,,,,,31993,,,169.892578125,32,0,,,,,0,,200
,4999.92370605469,,,,,,,,,,,,4999.92370605469,,,,,,,,,,,,4999.92370605469,,,,,,,,,,,,,,,,,,,,,,,,,,,184.833984375,0,16,,,,,0,,200
4999.92370605469,,,,,,,,,,,,4999.92370605469,,,,,,,,,,,,4999.92370605469,,,,,,,,,,,,,,,,,,,,,,,,,,,,198.6328125,0,16,,,,,0,,200
,4999.92370605469,,12185,,,,,,,,,,4999.92370605469,,12156,,,,,,,,,,4999.92370605469,,12173,,,,,,17853.4050201416,,,,,,,18671.7246087646,,,,,18186.0680554199,,,44937.4673187256,,,,213.662109375,0,16,,,,,0,,200
4999.92370605469,,,,,,,,,,,,4999.92370605469,,,,,,,,,,,,4999.92370605469,,,,,,,,,,,,,,,,,,,,,,,,,,,,227.8125,0,16,,,,,0,,200
,4999.92370605469,,,,,,,,,,,,4999.92370605469,,,,,,,,,,,,4999.92370605469,,,,,,,,,,,,,,,,,,,,,,,,,,,243.10546875,0,16,,,,,0,,200
,,,,,,,,,,,,,,,,,,,,,,,,,,,,,,,,,,,,,,,,,,,,,,,,,,,,,,,266,268,420060,3333,0,,200
4999.92370605469,,18663.6191162109,,,,,,,,,,4999.92370605469,,18229.4028125,,,,,,,,,,4999.92370605469,,18669.1398602295,,,,,,,,,,12179,,,,,12154,,,12195,,,,,31993,,,256.9921875,0,16,,,,,0,,200
,4999.92370605469,,,,,,,,,,,,4999.92370605469,,,,,,,,,,,,4999.92370605469,,,,,,,,,,,,,,,,,,,,,,,,,,,271.845703125,0,16,,,,,0,,200
4999.92370605469,,,,,,,,,,,,4999.92370605469,,,,,,,,,,,,4999.92370605469,,,,,,,,,,,,,,,,,,,,,,,,,,,,285.46875,32,16,,,,,0,,200
,4999.92370605469,,12185,,,,,,,,,,4999.92370605469,,12156,,,,,,,,,,4999.92370605469,,12173,,,,,,17853.4050201416,,,,,,,18671.7246087646,,,,,18186.0680554199,,,44937.4673187256,,,,300.322265625,32,16,,,,,0,,200
4999.92370605469,,,,,,,,,,,,4999.92370605469,,,,,,,,,,,,4999.92370605469,,,,,,,,,,,,,,,,,,,,,,,,,,,,314.47265625,32,16,,,,,0,,200
,4999.92370605469,,,,,,,,,,,,4999.92370605469,,,,,,,,,,,,4999.92370605469,,,,,,,,,,,,,,,,,,,,,,,,,,,329.765625,32,16,,,,,0,,200
,,,,,,,,,,,,,,,,,,,,,,,,,,,,,,,,,,,,,,,,,,,,,,,,,,,,,,,366,368,420120,3333,0,,200
4999.92370605469,,18663.6191162109,,,,,,,,,,4999.92370605469,,18229.4028125,,,,,,,,,,4999.92370605469,,18669.1398602295,,,,,,,,,,12179,,,,,12154,,,12195,,,,,31993,,,343.65234375,32,16,,,,,0,,200
,4999.92370605469,,,,,,,,,,,,4999.92370605469,,,,,,,,,,,,4999.92370605469,,,,,,,,,,,,,,,,,,,,,,,,,,,358.41796875,32,16,,,,,0,,200
4999.92370605469,,,,,,,,,,,,4999.92370605469,,,,,,,,,,,,4999.92370605469,,,,,,,,,,,,,,,,,,,,,,,,,,,,12.12890625,0,0,,,,,0,,200
,4999.92370605469,,12185,,,,,,,,,,4999.92370605469,,12156,,,,,,,,,,4999.92370605469,,12173,,,,,,17853.4050201416,,,,,,,18671.7246087646,,,,,18186.0680554199,,,44937.4673187256,,,,26.630859375,0,0,,,,,0,,200
4999.92370605469,,,,,,,,,,,,4999.92370605469,,,,,,,,,,,,4999.92370605469,,,,,,,,,,,,,,,,,,,,,,,,,,,,40.78125,0,0,,,,,0,,200
,4999.92370605469,,,,,,,,,,,,4999.92370605469,,,,,,,,,,,,4999.92370605469,,,,,,,,,,,,,,,,,,,,,,,,,,,55.634765625,0,0,,,,,0,,200
,,,,,,,,,,,,,,,,,,,,,,,,,,,,,,,,,,,,,,,,,,,,,,,,,,,,,,,466,468,420180,3333,0,,200
4999.92370605469,,18663.6191162109,,,,,,,,,,4999.92370605469,,18229.4028125,,,,,,,,,,4999.92370605469,,18669.1398602295,,,,,,,,,,12179,,,,,12154,,,12195,,,,,31993,,,70.048828125,0,0,,,,,0,,200
,4999.92370605469,,,,,,,,,,,,4999.92370605469,,,,,,,,,,,,4999.92370605469,,,,,,,,,,,,,,,,,,,,,,,,,,,84.814453125,0,0,,,,,0,,200
712.58544921875,,,,,,,,,,,,728.1494140625,,,,,,,,,,,,4484.55810546875,,,,,,,,,,,,,,,,,,,,,,,,,,,,99.140625,32,0,,,,,0,,200
,3223.95324707031,,12185,,,,,,,,,,2.5177001953125,,12156,,,,,,,,,,270.462036132812,,12173,,,,,,17853.4050201416,,,,,,,18671.7246087646,,,,,18186.0680554199,,,40307.4158477783,,,,113.466796875,32,0,,,,,0,,200
2970.19958496094,,,,,,,,,,,,1897.35412597656,,,,,,,,,,,,2.6702880859375,,,,,,,,,,,,,,,,,,,,,,,,,,,,128.14453125,32,0,,,,,0,,200
,1130.21850585938,,,,,,,,,,,,2021.94213867187,,,,,,,,,,,,4350.73852539062,,,,,,,,,,,,,,,,,,,,,,,,,,,142.55859375,32,0,,,,,0,,200
,,,,,,,,,,,,,,,,,,,,,,,,,,,,,,,,,,,,,,,,,,,,,,,,,,,,,,,566,568,420240,3333,0,,200
2.44140625,,18663.6191162109,,,,,,,,,,1974.10583496094,,18229.4028125,,,,,,,,,,2015.60974121094,,18669.1398602295,,,,,,,,,,12179,,,,,12154,,,12195,,,,,7575,,,157.060546875,32,0,,,,,0,,200
,3223.95324707031,,,,,,,,,,,,2033.99658203125,,,,,,,,,,,,2.5177001953125,,,,,,,,,,,,,,,,,,,,,,,,,,,171.298828125,32,0,,,,,0,,200
712.58544921875,,,,,,,,,,,,728.1494140625,,,,,,,,,,,,4484.55810546875,,,,,,,,,,,,,,,,,,,,,,,,,,,,186.064453125,0,16,,,,,0,,200
,3223.95324707031,,12185,,,,,,,,,,2.5177001953125,,12156,,,,,,,,,,33.1878662109375,,12173,,,,,,17853.4050201416,,,,,,,18671.7246087646,,,,,18186.0680554199,,,40307.4158477783,,,,200.0390625,0,16,,,,,0,,200
2970.19958496094,,,,,,,,,,,,1897.35412597656,,,,,,,,,,,,2.6702880859375,,,,,,,,,,,,,,,,,,,,,,,,,,,,214.98046875,0,16,,,,,0,,200
,1130.21850585938,,,,,,,,,,,,2021.94213867187,,,,,,,,,,,,4350.73852539062,,,,,,,,,,,,,,,,,,,,,,,,,,,229.306640625,0,16,,,,,0,,200
,,,,,,,,,,,,,,,,,,,,,,,,,,,,,,,,,,,,,,,,,,,,,,,,,,,,,,,666,668,420300,3333,0,,200
0.0,,18663.6191162109,,,,,,,,,,1974.10583496094,,18229.4028125,,,,,,,,,,2015.60974121094,,18669.1398602295,,,,,,,,,,12179,,,,,12154,,,12195,,,,,7575,,,244.423828125,0,16,,,,,0,,200
,3223.95324707031,,,,,,,,,,,,2033.99658203125,,,,,,,,,,,,2.5177001953125,,,,,,,,,,,,,,,,,,,,,,,,,,,258.310546875,0,16,,,,,0,,200
712.58544921875,,,,,,,,,,,,728.1494140625,,,,,,,,,,,,4484.55810546875,,,,,,,,,,,,,,,,,,,,,,,,,,,,273.1640625,32,16,,,,,0,,200
,3223.95324707031,,12185,,,,,,,,,,2.5177001953125,,12156,,,,,,,,,,108.871459960938,,12173,,,,,,17853.4050201416,,,,,,,18671.7246087646,,,,,18186.0680554199,,,40307.4158477783,,,,286.787109375,32,16,,,,,0,,200
2970.19958496094,,,,,,,,,,,,1897.35412597656,,,,,,,,,,,,2.6702880859375,,,,,,,,,,,,,,,,,,,,,,,,,,,,301.728515625,32,16,,,,,0,,200
,1130.21850585938,,,,,,,,,,,,2021.94213867187,,,,,,,,,,,,4350.73852539062,,,,,,,,,,,,,,,,,,,,,,,,,,,315.87890625,32,16,,,,,0,,200
,,,,,,,,,,,,,,,,,,,,,,,,,,,,,,,,,,,,,,,,,,,,,,,,,,,,,,,766,768,420360,3333,0,,200
2.44140625,,18663.6191162109,,,,,,,,,,1974.10583496094,,18229.4028125,,,,,,,,,,2015.60974121094,,18669.1398602295,,,,,,,,,,12179,,,,,12154,,,12195,,,,,7575,,,331.171875,32,16,,,,,0,,200
,3223.95324707031,,,,,,,,,,,,2033.99658203125,,,,,,,,,,,,2.5177001953125,,,,,,,,,,,,,,,,,,,,,,,,,,,344.8828125,32,16,,,,,0,,200
712.58544921875,,,,,,,,,,,,728.1494140625,,,,,,,,,,,,4484.55810546875,,,,,,,,,,,,,,,,,,,,,,,,,,,,359.82421875,32,16,,,,,0,,200
,3223.95324707031,,12185,,,,,,,,,,2.5177001953125,,12156,,,,,,,,,,184.249877929687,,12173,,,,,,17853.4050201416,,,,,,,18671.7246087646,,,,,18186.0680554199,,,40307.4158477783,,,,13.447265625,0,0,,,,,0,,200
2970.19958496094,,,,,,,,,,,,1897.35412597656,,,,,,,,,,,,2.6702880859375,,,,,,,,,,,,,,,,,,,,,,,,,,,,28.125,0,0,,,,,0,,200
,1130.21850585938,,,,,,,,,,,,2021.94213867187,,,,,,,,,,,,4350.73852539062,,,,,,,,,,,,,,,,,,,,,,,,,,,42.1875,0,0,,,,,0,,200
,,,,,,,,,,,,,,,,,,,,,,,,,,,,,,,,,,,,,,,,,,,,,,,,,,,,,,,866,868,420420,3333,0,,200
0.0,,18663.6191162109,,,,,,,,,,1974.10583496094,,18229.4028125,,,,,,,,,,2015.60974121094,,18669.1398602295,,,,,,,,,,12179,,,,,12154,,,12195,,,,,7575,,,57.216796875,0,0,,,,,0,,200
,3223.95324707031,,,,,,,,,,,,2033.99658203125,,,,,,,,,,,,2.5177001953125,,,,,,,,,,,,,,,,,,,,,,,,,,,71.455078125,0,0,,,,,0,,200
712.58544921875,,,,,,,,,,,,728.1494140625,,,,,,,,,,,,4484.55810546875,,,,,,,,,,,,,,,,,,,,,,,,,,,,86.30859375,0,0,,,,,0,,200
,3223.95324707031,,12185,,,,,,,,,,2.5177001953125,,12156,,,,,,,,,,259.552001953125,,12173,,,,,,17853.4050201416,,,,,,,18671.7246087646,,,,,18186.0680554199,,,40307.4158477783,,,,100.546875,32,0,,,,,0,,200
2970.19958496094,,,,,,,,,,,,1897.35412597656,,,,,,,,,,,,2.6702880859375,,,,,,,,,,,,,,,,,,,,,,,,,,,,114.873046875,32,0,,,,,0,,200
,1130.21850585938,,,,,,,,,,,,2021.94213867187,,,,,,,,,,,,4350.73852539062,,,,,,,,,,,,,,,,,,,,,,,,,,,129.55078125,32,0,,,,,0,,200
,,,,,,,,,,,,,,,,,,,,,,,,,,,,,,,,,,,,,,,,,,,,,,,,,,,,,,,966,968,420480,3333,0,,200
2.44140625,,18663.6191162109,,,,,,,,,,1974.10583496094,,18229.4028125,,,,,,,,,,2015.60974121094,,18669.1398602295,,,,,,,,,,12179,,,,,12154,,,12195,,,,,7575,,,144.052734375,32,0,,,,,0,,200
,3223.95324707031,,,,,,,,,,,,2033.99658203125,,,,,,,,,,,,2.5177001953125,,,,,,,,,,,,,,,,,,,,,,,,,,,158.37890625,32,0,,,,,0,,200
712.58544921875,,,,,,,,,,,,728.1494140625,,,,,,,,,,,,4484.55810546875,,,,,,,,,,,,,,,,,,,,,,,,,,,,172.880859375,32,0,,,,,0,,200
,4999.92370605469,,12185,,,,,,,,,,4999.92370605469,,12156,,,,,,,,,,4999.92370605469,,12173,,,,,,17853.4050201416,,,,,,,18671.7246087646,,,,,18186.0680554199,,,44937.4673187256,,,,187.3828125,0,16,,,,,0,,200
4999.92370605469,,,,,,,,,,,,4999.92370605469,,,,,,,,,,,,4999.92370605469,,,,,,,,,,,,,,,,,,,,,,,,,,,,201.4453125,0,16,,,,,0,,200
,4999.92370605469,,,,,,,,,,,,4999.92370605469,,,,,,,,,,,,4999.92370605469,,,,,,,,,,,,,,,,,,,,,,,,,,,216.38671875,0,16,,,,,0,,200
,,,,,,,,,,,,,,,,,,,,,,,,,,,,,,,,,,,,,,,,,,,,,,,,,,,,,,,42,44,420540,3333,0,,200
4999.92370605469,,18663.6191162109,,,,,,,,,,4999.92370605469,,18229.4028125,,,,,,,,,,4999.92370605469,,18669.1398602295,,,,,,,,,,12179,,,,,12154,,,12195,,,,,31993,,,230.888671875,0,16,,,,,0,,200
,4999.92370605469,,,,,,,,,,,,4999.92370605469,,,,,,,,,,,,4999.92370605469,,,,,,,,,,,,,,,,,,,,,,,,,,,245.7421875,0,16,,,,,0,,200
4999.92370605469,,,,,,,,,,,,4999.92370605469,,,,,,,,,,,,4999.92370605469,,,,,,,,,,,,,,,,,,,,,,,,,,,,259.8046875,0,16,,,,,0,,200
,4999.92370605469,,12185,,,,,,,,,,4999.92370605469,,12156,,,,,,,,,,4999.92370605469,,12173,,,,,,17853.4050201416,,,,,,,18671.7246087646,,,,,18186.0680554199,,,44937.4673187256,,,,274.482421875,32,16,,,,,0,,200
4999.92370605469,,,,,,,,,,,,4999.92370605469,,,,,,,,,,,,4999.92370605469,,,,,,,,,,,,,,,,,,,,,,,,,,,,288.193359375,32,16,,,,,0,,200
,4999.92370605469,,,,,,,,,,,,4999.92370605469,,,,,,,,,,,,4999.92370605469,,,,,,,,,,,,,,,,,,,,,,,,,,,303.134765625,32,16,,,,,0,,200
,,,,,,,,,,,,,,,,,,,,,,,,,,,,,,,,,,,,,,,,,,,,,,,,,,,,,,,142,144,420600,3333,0,,200
4999.92370605469,,18663.6191162109,,,,,,,,,,4999.92370605469,,18229.4028125,,,,,,,,,,4999.92370605469,,18669.1398602295,,,,,,,,,,12179,,,,,12154,,,12195,,,,,31993,,,317.28515625,32,16,,,,,0,,200
,4999.92370605469,,,,,,,,,,,,4999.92370605469,,,,,,,,,,,,4999.92370605469,,,,,,,,,,,,,,,,,,,,,,,,,,,332.578125,32,16,,,,,0,,200
4999.92370605469,,,,,,,,,,,,4999.92370605469,,,,,,,,,,,,4999.92370605469,,,,,,,,,,,,,,,,,,,,,,,,,,,,346.2890625,32,16,,,,,0,,200
,4999.92370605469,,12185,,,,,,,,,,4999.92370605469,,12156,,,,,,,,,,4999.92370605469,,12173,,,,,,17853.4050201416,,,,,,,18671.7246087646,,,,,18186.0680554199,,,44937.4673187256,,,,1.40625,32,16,,,,,0,,200
4999.92370605469,,,,,,,,,,,,4999.92370605469,,,,,,,,,,,,4999.92370605469,,,,,,,,,,,,,,,,,,,,,,,,,,,,14.94140625,0,0,,,,,0,,200
,4999.92370605469,,,,,,,,,,,,4999.92370605469,,,,,,,,,,,,4999.92370605469,,,,,,,,,,,,,,,,,,,,,,,,,,,29.794921875,0,0,,,,,0,,200
,,,,,,,,,,,,,,,,,,,,,,,,,,,,,,,,,,,,,,,,,,,,,,,,,,,,,,,242,244,420660,3333,0,,200
4999.92370605469,,18663.6191162109,,,,,,,,,,4999.92370605469,,18229.4028125,,,,,,,,,,4999.92370605469,,18669.1398602295,,,,,,,,,,12179,,,,,12154,,,12195,,,,,31993,,,43.857421875,0,0,,,,,0,,200
,4999.92370605469,,,,,,,,,,,,4999.92370605469,,,,,,,,,,,,4999.92370605469,,,,,,,,,,,,,,,,,,,,,,,,,,,58.88671875,0,0,,,,,0,,200
4999.92370605469,,,,,,,,,,,,4999.92370605469,,,,,,,,,,,,4999.92370605469,,,,,,,,,,,,,,,,,,,,,,,,,,,,72.94921875,0,0,,,,,0,,200
,4999.92370605469,,12185,,,,,,,,,,4999.92370605469,,12156,,,,,,,,,,4999.92370605469,,12173,,,,,,17853.4050201416,,,,,,,18671.7246087646,,,,,18186.0680554199,,,44937.4673187256,,,,87.978515625,0,0,,,,,0,,200
4999.92370605469,,,,,,,,,,,,4999.92370605469,,,,,,,,,,,,4999.92370605469,,,,,,,,,,,,,,,,,,,,,,,,,,,,102.12890625,32,0,,,,,0,,200
,4999.92370605469,,,,,,,,,,,,4999.92370605469,,,,,,,,,,,,4999.92370605469,,,,,,,,,,,,,,,,,,,,,,,,,,,116.630859375,32,0,,,,,0,,200
,,,,,,,,,,,,,,,,,,,,,,,,,,,,,,,,,,,,,,,,,,,,,,,,,,,,,,,342,344,420720,3333,0,,200
4999.92370605469,,18663.6191162109,,,,,,,,,,4999.92370605469,,18229.4028125,,,,,,,,,,4999.92370605469,,18669.1398602295,,,,,,,,,,12179,,,,,12154,,,12195,,,,,31993,,,131.1328125,32,0,,,,,0,,200
,4999.92370605469,,,,,,,,,,,,4999.92370605469,,,,,,,,,,,,4999.92370605469,,,,,,,,,,,,,,,,,,,,,,,,,,,145.72265625,32,0,,,,,0,,200
4999.92370605469,,,,,,,,,,,,4999.92370605469,,,,,,,,,,,,4999.92370605469,,,,,,,,,,,,,,,,,,,,,,,,,,,,159.873046875,32,0,,,,,0,,200
,4999.92370605469,,12185,,,,,,,,,,4999.92370605469,,12156,,,,,,,,,,4999.92370605469,,12173,,,,,,17853.4050201416,,,,,,,18671.7246087646,,,,,18186.0680554199,,,44937.4673187256,,,,174.638671875,32,0,,,,,0,,200
4999.92370605469,,,,,,,,,,,,4999.92370605469,,,,,,,,,,,,4999.92370605469,,,,,,,,,,,,,,,,,,,,,,,,,,,,188.876953125,0,16,,,,,0,,200
,4999.92370605469,,,,,,,,,,,,4999.92370605469,,,,,,,,,,,,4999.92370605469,,,,,,,,,,,,,,,,,,,,,,,,,,,203.115234375,0,16,,,,,0,,200
,,,,,,,,,,,,,,,,,,,,,,,,,,,,,,,,,,,,,,,,,,,,,,,,,,,,,,,442,444,420780,3333,0,,200
4999.92370605469,,18663.6191162109,,,,,,,,,,4999.92370605469,,18229.4028125,,,,,,,,,,4999.92370605469,,18669.1398602295,,,,,,,,,,12179,,,,,12154,,,12195,,,,,31993,,,217.880859375,0,16,,,,,0,,200
,4999.92370605469,,,,,,,,,,,,4999.92370605469,,,,,,,,,,,,4999.92370605469,,,,,,,,,,,,,,,,,,,,,,,,,,,232.646484375,0,16,,,,,0,,200
4999.92370605469,,,,,,,,,,,,4999.92370605469,,,,,,,,,,,,4999.92370605469,,,,,,,,,,,,,,,,,,,,,,,,,,,,247.236328125,0,16,,,,,0,,200
,4999.92370605469,,12185,,,,,,,,,,4999.92370605469,,12156,,,,,,,,,,4999.92370605469,,12173,,,,,,17853.4050201416,,,,,,,18671.7246087646,,,,,18186.0680554199,,,40307.4158477783,,,,261.38671875,0,16,,,,,0,,200
2970.19958496094,,,,,,,,,,,,1897.35412597656,,,,,,,,,,,,2.6702880859375,,,,,,,,,,,,,,,,,,,,,,,,,,,,275.9765625,32,16,,,,,0,,200
,1130.21850585938,,,,,,,,,,,,2021.94213867187,,,,,,,,,,,,4350.73852539062,,,,,,,,,,,,,,,,,,,,,,,,,,,289.775390625,32,16,,,,,0,,200
,,,,,,,,,,,,,,,,,,,,,,,,,,,,,,,,,,,,,,,,,,,,,,,,,,,,,,,542,544,420840,3333,0,,200
2.44140625,,18663.6191162109,,,,,,,,,,1974.10583496094,,18229.4028125,,,,,,,,,,2015.60974121094,,18669.1398602295,,,,,,,,,,12179,,,,,12154,,,12195,,,,,7575,,,304.716796875,32,16,,,,,0,,200
,3223.95324707031,,,,,,,,,,,,2033.99658203125,,,,,,,,,,,,2.5177001953125,,,,,,,,,,,,,,,,,,,,,,,,,,,318.955078125,32,16,,,,,0,,200
712.58544921875,,,,,,,,,,,,728.1494140625,,,,,,,,,,,,4484.55810546875,,,,,,,,,,,,,,,,,,,,,,,,,,,,334.16015625,32,16,,,,,0,,200
,3223.95324707031,,12185,,,,,,,,,,2.5177001953125,,12156,,,,,,,,,,161.514282226562,,12173,,,,,,17853.4050201416,,,,,,,18671.7246087646,,,,,18186.0680554199,,,40307.4158477783,,,,347.87109375,32,16,,,,,0,,200
2970.19958496094,,,,,,,,,,,,1897.35412597656,,,,,,,,,,,,2.6702880859375,,,,,,,,,,,,,,,,,,,,,,,,,,,,2.8125,32,16,,,,,0,,200
,1130.21850585938,,,,,,,,,,,,2021.94213867187,,,,,,,,,,,,4350.73852539062,,,,,,,,,,,,,,,,,,,,,,,,,,,16.259765625,0,0,,,,,0,,200
,,,,,,,,,,,,,,,,,,,,,,,,,,,,,,,,,,,,,,,,,,,,,,,,,,,,,,,642,644,420900,3333,0,,200
0.0,,18663.6191162109,,,,,,,,,,1974.10583496094,,18229.4028125,,,,,,,,,,2015.60974121094,,18669.1398602295,,,,,,,,,,12179,,,,,12154,,,12195,,,,,7575,,,31.2890625,0,0,,,,,0,,200
,3223.95324707031,,,,,,,,,,,,2033.99658203125,,,,,,,,,,,,2.5177001953125,,,,,,,,,,,,,,,,,,,,,,,,,,,45.17578125,0,0,,,,,0,,200
712.58544921875,,,,,,,,,,,,728.1494140625,,,,,,,,,,,,4484.55810546875,,,,,,,,,,,,,,,,,,,,,,,,,,,,60.380859375,0,0,,,,,0,,200
,3223.95324707031,,12185,,,,,,,,,,2.5177001953125,,12156,,,,,,,,,,237.12158203125,,12173,,,,,,17853.4050201416,,,,,,,18671.7246087646,,,,,18186.0680554199,,,40307.4158477783,,,,74.35546875,0,0,,,,,0,,200
2970.19958496094,,,,,,,,,,,,1897.35412597656,,,,,,,,,,,,2.6702880859375,,,,,,,,,,,,,,,,,,,,,,,,,,,,89.47265625,0,0,,,,,0,,200
,1130.21850585938,,,,,,,,,,,,2021.94213867187,,,,,,,,,,,,4350.73852539062,,,,,,,,,,,,,,,,,,,,,,,,,,,103.447265625,32,0,,,,,0,,200
,,,,,,,,,,,,,,,,,,,,,,,,,,,,,,,,,,,,,,,,,,,,,,,,,,,,,,,742,744,420960,3333,0,,200
2.44140625,,18663.6191162109,,,,,,,,,,1974.10583496094,,18229.4028125,,,,,,,,,,2015.60974121094,,18669.1398602295,,,,,,,,,,12179,,,,,12154,,,12195,,,,,7575,,,118.212890625,32,0,,,,,0,,200
,3223.95324707031,,,,,,,,,,,,2033.99658203125,,,,,,,,,,,,2.5177001953125,,,,,,,,,,,,,,,,,,,,,,,,,,,132.5390625,32,0,,,,,0,,200
712.58544921875,,,,,,,,,,,,728.1494140625,,,,,,,,,,,,4484.55810546875,,,,,,,,,,,,,,,,,,,,,,,,,,,,147.216796875,32,0,,,,,0,,200
,3223.95324707031,,12185,,,,,,,,,,2.5177001953125,,12156,,,,,,,,,,312.347412109375,,12173,,,,,,17853.4050201416,,,,,,,18671.7246087646,,,,,18186.0680554199,,,40307.4158477783,,,,161.279296875,32,0,,,,,0,,200
2970.19958496094,,,,,,,,,,,,1897.35412597656,,,,,,,,,,,,2.6702880859375,,,,,,,,,,,,,,,,,,,,,,,,,,,,176.1328125,32,0,,,,,0,,200
,1130.21850585938,,,,,,,,,,,,2021.94213867187,,,,,,,,,,,,4350.73852539062,,,,,,,,,,,,,,,,,,,,,,,,,,,190.283203125,0,16,,,,,0,,200
,,,,,,,,,,,,,,,,,,,,,,,,,,,,,,,,,,,,,,,,,,,,,,,,,,,,,,,842,844,421020,3333,0,,200
0.0,,18663.6191162109,,,,,,,,,,1974.10583496094,,18229.4028125,,,,,,,,,,2015.60974121094,,18669.1398602295,,,,,,,,,,12179,,,,,12154,,,12195,,,,,7575,,,204.609375,0,16,,,,,0,,200
,3223.95324707031,,,,,,,,,,,,2033.99658203125,,,,,,,,,,,,2.5177001953125,,,,,,,,,,,,,,,,,,,,,,,,,,,219.19921875,0,16,,,,,0,,200
712.58544921875,,,,,,,,,,,,728.1494140625,,,,,,,,,,,,4484.55810546875,,,,,,,,,,,,,,,,,,,,,,,,,,,,234.140625,0,16,,,,,0,,200
,3223.95324707031,,12185,,,,,,,,,,2.5177001953125,,12156,,,,,,,,,,74.920654296875,,12173,,,,,,17853.4050201416,,,,,,,18671.7246087646,,,,,18186.0680554199,,,40307.4158477783,,,,248.642578125,0,16,,,,,0,,200
2970.19958496094,,,,,,,,,,,,1897.35412597656,,,,,,,,,,,,2.6702880859375,,,,,,,,,,,,,,,,,,,,,,,,,,,,262.880859375,0,16,,,,,0,,200
,1130.21850585938,,,,,,,,,,,,2021.94213867187,,,,,,,,,,,,4350.73852539062,,,,,,,,,,,,,,,,,,,,,,,,,,,277.3828125,32,16,,,,,0,,200
,,,,,,,,,,,,,,,,,,,,,,,,,,,,,,,,,,,,,,,,,,,,,,,,,,,,,,,942,944,421080,3333,0,,200
2.44140625,,18663.6191162109,,,,,,,,,,1974.10583496094,,18229.4028125,,,,,,,,,,2015.60974121094,,18669.1398602295,,,,,,,,,,12179,,,,,12154,,,12195,,,,,7575,,,291.357421875,32,16,,,,,0,,200
,3223.95324707031,,,,,,,,,,,,2033.99658203125,,,,,,,,,,,,2.5177001953125,,,,,,,,,,,,,,,,,,,,,,,,,,,306.123046875,32,16,,,,,0,,200
712.58544921875,,,,,,,,,,,,728.1494140625,,,,,,,,,,,,4484.55810546875,,,,,,,,,,,,,,,,,,,,,,,,,,,,320.44921875,32,16,,,,,0,,200
,3223.95324707031,,12185,,,,,,,,,,2.5177001953125,,12156,,,,,,,,,,150.070190429687,,12173,,,,,,17853.4050201416,,,,,,,18671.7246087646,,,,,18186.0680554199,,,40307.4158477783,,,,335.56640625,32,16,,,,,0,,200
4999.92370605469,,,,,,,,,,,,4999.92370605469,,,,,,,,,,,,4999.92370605469,,,,,,,,,,,,,,,,,,,,,,,,,,,,349.365234375,32,16,,,,,0,,200
,4999.92370605469,,,,,,,,,,,,4999.92370605469,,,,,,,,,,,,4999.92370605469,,,,,,,,,,,,,,,,,,,,,,,,,,,4.130859375,0,0,,,,,0,,200
,,,,,,,,,,,,,,,,,,,,,,,,,,,,,,,,,,,,,,,,,,,,,,,,,,,,,,,18,20,421140,3333,0,,200
4999.92370605469,,18663.6191162109,,,,,,,,,,4999.92370605469,,18229.4028125,,,,,,,,,,4999.92370605469,,18669.1398602295,,,,,,,,,,12179,,,,,12154,,,12195,,,,,31993,,,17.578125,0,0,,,,,0,,200
,4999.92370605469,,,,,,,,,,,,4999.92370605469,,,,,,,,,,,,4999.92370605469,,,,,,,,,,,,,,,,,,,,,,,,,,,32.51953125,0,0,,,,,0,,200
4999.92370605469,,,,,,,,,,,,4999.92370605469,,,,,,,,,,,,4999.92370605469,,,,,,,,,,,,,,,,,,,,,,,,,,,,46.494140625,0,0,,,,,0,,200
,4999.92370605469,,12185,,,,,,,,,,4999.92370605469,,12156,,,,,,,,,,4999.92370605469,,12173,,,,,,17853.4050201416,,,,,,,18671.7246087646,,,,,18186.0680554199,,,44937.4673187256,,,,61.787109375,0,0,,,,,0,,200
4999.92370605469,,,,,,,,,,,,4999.92370605469,,,,,,,,,,,,4999.92370605469,,,,,,,,,,,,,,,,,,,,,,,,,,,,75.76171875,0,0,,,,,0,,200
,4999.92370605469,,,,,,,,,,,,4999.92370605469,,,,,,,,,,,,4999.92370605469,,,,,,,,,,,,,,,,,,,,,,,,,,,90.791015625,0,0,,,,,0,,200
,,,,,,,,,,,,,,,,,,,,,,,,,,,,,,,,,,,,,,,,,,,,,,,,,,,,,,,118,120,421200,3333,0,,200
4999.92370605469,,18663.6191162109,,,,,,,,,,4999.92370605469,,18229.4028125,,,,,,,,,,4999.92370605469,,18669.1398602295,,,,,,,,,,12179,,,,,12154,,,12195,,,,,31993,,,104.677734375,32,0,,,,,0,,200
,4999.92370605469,,,,,,,,,,,,4999.92370605469,,,,,,,,,,,,4999.92370605469,,,,,,,,,,,,,,,,,,,,,,,,,,,119.53125,32,0,,,,,0,,200
4999.92370605469,,,,,,,,,,,,4999.92370605469,,,,,,,,,,,,4999.92370605469,,,,,,,,,,,,,,,,,,,,,,,,,,,,133.76953125,32,0,,,,,0,,200
,4999.92370605469,,12185,,,,,,,,,,4999.92370605469,,12156,,,,,,,,,,4999.92370605469,,12173,,,,,,17853.4050201416,,,,,,,18671.7246087646,,,,,18186.0680554199,,,44937.4673187256,,,,148.53515625,32,0,,,,,0,,200
4999.92370605469,,,,,,,,,,,,4999.92370605469,,,,,,,,,,,,4999.92370605469,,,,,,,,,,,,,,,,,,,,,,,,,,,,162.509765625,32,0,,,,,0,,200
,4999.92370605469,,,,,,,,,,,,4999.92370605469,,,,,,,,,,,,4999.92370605469,,,,,,,,,,,,,,,,,,,,,,,,,,,177.5390625,32,0,,,,,0,,200
,,,,,,,,,,,,,,,,,,,,,,,,,,,,,,,,,,,,,,,,,,,,,,,,,,,,,,,218,220,421260,3333,0,,200
4999.92370605469,,18663.6191162109,,,,,,,,,,4999.92370605469,,18229.4028125,,,,,,,,,,4999.92370605469,,18669.1398602295,,,,,,,,,,12179,,,,,12154,,,12195,,,,,31993,,,191.6015625,0,16,,,,,0,,200
,4999.92370605469,,,,,,,,,,,,4999.92370605469,,,,,,,,,,,,4999.92370605469,,,,,,,,,,,,,,,,,,,,,,,,,,,206.103515625,0,16,,,,,0,,200
4999.92370605469,,,,,,,,,,,,4999.92370605469,,,,,,,,,,,,4999.92370605469,,,,,,,,,,,,,,,,,,,,,,,,,,,,220.517578125,0,16,,,,,0,,200
,4999.92370605469,,12185,,,,,,,,,,4999.92370605469,,12156,,,,,,,,,,4999.92370605469,,12173,,,,,,17853.4050201416,,,,,,,18671.7246087646,,,,,18186.0680554199,,,44937.4673187256,,,,235.546875,0,16,,,,,0,,200
4999.92370605469,,,,,,,,,,,,4999.92370605469,,,,,,,,,,,,4999.92370605469,,,,,,,,,,,,,,,,,,,,,,,,,,,,249.78515625,0,16,,,,,0,,200
,4999.92370605469,,,,,,,,,,,,4999.92370605469,,,,,,,,,,,,4999.92370605469,,,,,,,,,,,,,,,,,,,,,,,,,,,264.19921875,0,16,,,,,0,,200
,,,,,,,,,,,,,,,,,,,,,,,,,,,,,,,,,,,,,,,,,,,,,,,,,,,,,,,318,320,421320,3333,0,,200
4999.92370605469,,18663.6191162109,,,,,,,,,,4999.92370605469,,18229.4028125,,,,,,,,,,4999.92370605469,,18669.1398602295,,,,,,,,,,12179,,,,,12154,,,12195,,,,,31993,,,278.525390625,32,16,,,,,0,,200
,4999.92370605469,,,,,,,,,,,,4999.92370605469,,,,,,,,,,,,4999.92370605469,,,,,,,,,,,,,,,,,,,,,,,,,,,292.763671875,32,16,,,,,0,,200
4999.92370605469,,,,,,,,,,,,4999.92370605469,,,,,,,,,,,,4999.92370605469,,,,,,,,,,,,,,,,,,,,,,,,,,,,307.44140625,32,16,,,,,0,,200
,4999.92370605469,,12185,,,,,,,,,,4999.92370605469,,12156,,,,,,,,,,4999.92370605469,,12173,,,,,,17853.4050201416,,,,,,,18671.7246087646,,,,,18186.0680554199,,,44937.4673187256,,,,321.85546875,32,16,,,,,0,,200
4999.92370605469,,,,,,,,,,,,4999.92370605469,,,,,,,,,,,,4999.92370605469,,,,,,,,,,,,,,,,,,,,,,,,,,,,336.708984375,32,16,,,,,0,,200
,4999.92370605469,,,,,,,,,,,,4999.92370605469,,,,,,,,,,,,4999.92370605469,,,,,,,,,,,,,,,,,,,,,,,,,,,350.595703125,32,16,,,,,0,,200
,,,,,,,,,,,,,,,,,,,,,,,,,,,,,,,,,,,,,,,,,,,,,,,,,,,,,,,418,420,421380,3333,0,,200
4999.92370605469,,18663.6191162109,,,,,,,,,,4999.92370605469,,18229.4028125,,,,,,,,,,4999.92370605469,,18669.1398602295,,,,,,,,,,12179,,,,,12154,,,12195,,,,,31993,,,5.712890625,32,16,,,,,0,,200
,4999.92370605469,,,,,,,,,,,,4999.92370605469,,,,,,,,,,,,4999.92370605469,,,,,,,,,,,,,,,,,,,,,,,,,,,19.072265625,0,0,,,,,0,,200
4999.92370605469,,,,,,,,,,,,4999.92370605469,,,,,,,,,,,,4999.92370605469,,,,,,,,,,,,,,,,,,,,,,,,,,,,34.189453125,0,0,,,,,0,,200
,4999.92370605469,,12185,,,,,,,,,,4999.92370605469,,12156,,,,,,,,,,4999.92370605469,,12173,,,,,,17853.4050201416,,,,,,,18671.7246087646,,,,,18186.0680554199,,,44937.4673187256,,,,48.076171875,0,0,,,,,0,,200
4999.92370605469,,,,,,,,,,,,4999.92370605469,,,,,,,,,,,,4999.92370605469,,,,,,,,,,,,,,,,,,,,,,,,,,,,63.369140625,0,0,,,,,0,,200
,1130.21850585938,,,,,,,,,,,,2021.94213867187,,,,,,,,,,,,4350.73852539062,,,,,,,,,,,,,,,,,,,,,,,,,,,77.34375,0,0,,,,,0,,200
,,,,,,,,,,,,,,,,,,,,,,,,,,,,,,,,,,,,,,,,,,,,,,,,,,,,,,,518,520,421440,3333,0,,200
2.44140625,,18663.6191162109,,,,,,,,,,1974.10583496094,,18229.4028125,,,,,,,,,,2015.60974121094,,18669.1398602295,,,,,,,,,,12179,,,,,12154,,,12195,,,,,7575,,,92.4609375,0,0,,,,,0,,200
,3223.95324707031,,,,,,,,,,,,2033.99658203125,,,,,,,,,,,,2.5177001953125,,,,,,,,,,,,,,,,,,,,,,,,,,,106.34765625,32,0,,,,,0,,200
712.58544921875,,,,,,,,,,,,728.1494140625,,,,,,,,,,,,4484.55810546875,,,,,,,,,,,,,,,,,,,,,,,,,,,,121.201171875,32,0,,,,,0,,200
,3223.95324707031,,12185,,,,,,,,,,2.5177001953125,,12156,,,,,,,,,,290.069580078125,,12173,,,,,,17853.4050201416,,,,,,,18671.7246087646,,,,,18186.0680554199,,,40307.4158477783,,,,135.3515625,32,0,,,,,0,,200
2970.19958496094,,,,,,,,,,,,1897.35412597656,,,,,,,,,,,,2.6702880859375,,,,,,,,,,,,,,,,,,,,,,,,,,,,150.1171875,32,0,,,,,0,,200
,1130.21850585938,,,,,,,,,,,,2021.94213867187,,,,,,,,,,,,4350.73852539062,,,,,,,,,,,,,,,,,,,,,,,,,,,164.091796875,32,0,,,,,0,,200
,,,,,,,,,,,,,,,,,,,,,,,,,,,,,,,,,,,,,,,,,,,,,,,,,,,,,,,618,620,421500,3333,0,,200
0.0,,18663.6191162109,,,,,,,,,,1974.10583496094,,18229.4028125,,,,,,,,,,2015.60974121094,,18669.1398602295,,,,,,,,,,12179,,,,,12154,,,12195,,,,,7575,,,179.208984375,32,0,,,,,0,,200
,3223.95324707031,,,,,,,,,,,,2033.99658203125,,,,,,,,,,,,2.5177001953125,,,,,,,,,,,,,,,,,,,,,,,,,,,193.18359375,0,16,,,,,0,,200
712.58544921875,,,,,,,,,,,,728.1494140625,,,,,,,,,,,,4484.55810546875,,,,,,,,,,,,,,,,,,,,,,,,,,,,207.861328125,0,16,,,,,0,,200
,3223.95324707031,,12185,,,,,,,,,,2.5177001953125,,12156,,,,,,,,,,52.4139404296875,,12173,,,,,,17853.4050201416,,,,,,,18671.7246087646,,,,,18186.0680554199,,,40307.4158477783,,,,222.099609375,0,16,,,,,0,,200
2970.19958496094,,,,,,,,,,,,1897.35412597656,,,,,,,,,,,,2.6702880859375,,,,,,,,,,,,,,,,,,,,,,,,,,,,237.216796875,0,16,,,,,0,,200
,1130.21850585938,,,,,,,,,,,,2021.94213867187,,,,,,,,,,,,4350.73852539062,,,,,,,,,,,,,,,,,,,,,,,,,,,251.279296875,0,16,,,,,0,,200
,,,,,,,,,,,,,,,,,,,,,,,,,,,,,,,,,,,,,,,,,,,,,,,,,,,,,,,718,720,421560,3333,0,,200
2.44140625,,18663.6191162109,,,,,,,,,,1974.10583496094,,18229.4028125,,,,,,,,,,2015.60974121094,,18669.1398602295,,,,,,,,,,12179,,,,,12154,,,12195,,,,,7575,,,265.869140625,0,16,,,,,0,,200
,3223.95324707031,,,,,,,,,,,,2033.99658203125,,,,,,,,,,,,2.5177001953125,,,,,,,,,,,,,,,,,,,,,,,,,,,280.01953125,32,16,,,,,0,,200
712.58544921875,,,,,,,,,,,,728.1494140625,,,,,,,,,,,,4484.55810546875,,,,,,,,,,,,,,,,,,,,,,,,,,,,294.521484375,32,16,,,,,0,,200
,3223.95324707031,,12185,,,,,,,,,,2.5177001953125,,12156,,,,,,,,,,127.792358398438,,12173,,,,,,17853.4050201416,,,,,,,18671.7246087646,,,,,18186.0680554199,,,40307.4158477783,,,,308.935546875,32,16,,,,,0,,200
2970.19958496094,,,,,,,,,,,,1897.35412597656,,,,,,,,,,,,2.6702880859375,,,,,,,,,,,,,,,,,,,,,,,,,,,,323.61328125,32,16,,,,,0,,200
,1130.21850585938,,,,,,,,,,,,2021.94213867187,,,,,,,,,,,,4350.73852539062,,,,,,,,,,,,,,,,,,,,,,,,,,,338.291015625,32,16,,,,,0,,200
,,,,,,,,,,,,,,,,,,,,,,,,,,,,,,,,,,,,,,,,,,,,,,,,,,,,,,,818,820,421620,3333,0,,200
0.0,,18663.6191162109,,,,,,,,,,1974.10583496094,,18229.4028125,,,,,,,,,,2015.60974121094,,18669.1398602295,,,,,,,,,,12179,,,,,12154,,,12195,,,,,7575,,,352.353515625,32,16,,,,,0,,200
,3223.95324707031,,,,,,,,,,,,2033.99658203125,,,,,,,,,,,,2.5177001953125,,,,,,,,,,,,,,,,,,,,,,,,,,,6.943359375,0,0,,,,,0,,200
712.58544921875,,,,,,,,,,,,728.1494140625,,,,,,,,,,,,4484.55810546875,,,,,,,,,,,,,,,,,,,,,,,,,,,,20.478515625,0,0,,,,,0,,200
,3223.95324707031,,12185,,,,,,,,,,2.5177001953125,,12156,,,,,,,,,,203.2470703125,,12173,,,,,,17853.4050201416,,,,,,,18671.7246087646,,,,,18186.0680554199,,,40307.4158477783,,,,35.419921875,0,0,,,,,0,,200
2970.19958496094,,,,,,,,,,,,1897.35412597656,,,,,,,,,,,,2.6702880859375,,,,,,,,,,,,,,,,,,,,,,,,,,,,49.39453125,0,0,,,,,0,,200
,1130.21850585938,,,,,,,,,,,,2021.94213867187,,,,,,,,,,,,4350.73852539062,,,,,,,,,,,,,,,,,,,,,,,,,,,64.6875,0,0,,,,,0,,200
,,,,,,,,,,,,,,,,,,,,,,,,,,,,,,,,,,,,,,,,,,,,,,,,,,,,,,,918,920,421680,3333,0,,200
2.44140625,,18663.6191162109,,,,,,,,,,1974.10583496094,,18229.4028125,,,,,,,,,,2015.60974121094,,18669.1398602295,,,,,,,,,,12179,,,,,12154,,,12195,,,,,7575,,,78.75,0,0,,,,,0,,200
,3223.95324707031,,,,,,,,,,,,2033.99658203125,,,,,,,,,,,,2.5177001953125,,,,,,,,,,,,,,,,,,,,,,,,,,,93.69140625,32,0,,,,,0,,200
712.58544921875,,,,,,,,,,,,728.1494140625,,,,,,,,,,,,4484.55810546875,,,,,,,,,,,,,,,,,,,,,,,,,,,,107.578125,32,0,,,,,0,,200
,3223.95324707031,,12185,,,,,,,,,,2.5177001953125,,12156,,,,,,,,,,278.167724609375,,12173,,,,,,17853.4050201416,,,,,,,18671.7246087646,,,,,18186.0680554199,,,40307.4158477783,,,,122.51953125,32,0,,,,,0,,200
2970.19958496094,,,,,,,,,,,,1897.35412597656,,,,,,,,,,,,2.6702880859375,,,,,,,,,,,,,,,,,,,,,,,,,,,,136.669921875,32,0,,,,,0,,200
,1130.21850585938,,,,,,,,,,,,2021.94213867187,,,,,,,,,,,,4350.73852539062,,,,,,,,,,,,,,,,,,,,,,,,,,,151.5234375,32,0,,,,,0,,200
,,,,,,,,,,,,,,,,,,,,,,,,,,,,,,,,,,,,,,,,,,,,,,,,,,,,,,,1018,1020,421740,3333,0,,200
4999.92370605469,,18663.6191162109,,,,,,,,,,4999.92370605469,,18207.6737646484,,,,,,,,,,4999.92370605469,,18669.1398602295,,,,,,,,,,12179,,,,,12154,,,12195,,,,,31993,,,165.41015625,32,0,,,,,0,,200
,4999.92370605469,,,,,,,,,,,,4999.92370605469,,,,,,,,,,,,4999.92370605469,,,,,,,,,,,,,,,,,,,,,,,,,,,180.52734375,32,0,,,,,0,,200
4999.92370605469,,,,,,,,,,,,4999.92370605469,,,,,,,,,,,,4999.92370605469,,,,,,,,,,,,,,,,,,,,,,,,,,,,194.326171875,0,16,,,,,0,,200
,4999.92370605469,,12185,,,,,,,,,,4999.92370605469,,12156,,,,,,,,,,4999.92370605469,,12173,,,,,,17853.4050201416,,,,,,,18671.7246087646,,,,,18186.0680554199,,,44937.4673187256,,,,209.267578125,0,16,,,,,0,,200
4999.92370605469,,,,,,,,,,,,4999.92370605469,,,,,,,,,,,,4999.92370605469,,,,,,,,,,,,,,,,,,,,,,,,,,,,223.41796875,0,16,,,,,0,,200
,4999.92370605469,,,,,,,,,,,,4999.92370605469,,,,,,,,,,,,4999.92370605469,,,,,,,,,,,,,,,,,,,,,,,,,,,238.7109375,0,16,,,,,0,,200
,,,,,,,,,,,,,,,,,,,,,,,,,,,,,,,,,,,,,,,,,,,,,,,,,,,,,,,94,96,421800,3333,0,,200
4999.92370605469,,18663.6191162109,,,,,,,,,,4999.92370605469,,18229.4028125,,,,,,,,,,4999.92370605469,,18669.1398602295,,,,,,,,,,12179,,,,,12154,,,12195,,,,,31993,,,252.509765625,0,16,,,,,0,,200
,4999.92370605469,,,,,,,,,,,,4999.92370605469,,,,,,,,,,,,4999.92370605469,,,,,,,,,,,,,,,,,,,,,,,,,,,267.275390625,0,16,,,,,0,,200
4999.92370605469,,,,,,,,,,,,4999.92370605469,,,,,,,,,,,,4999.92370605469,,,,,,,,,,,,,,,,,,,,,,,,,,,,281.25,32,16,,,,,0,,200
,4999.92370605469,,12185,,,,,,,,,,4999.92370605469,,12156,,,,,,,,,,4999.92370605469,,12173,,,,,,17853.4050201416,,,,,,,18671.7246087646,,,,,18186.0680554199,,,44937.4673187256,,,,295.83984375,32,16,,,,,0,,200
4999.92370605469,,,,,,,,,,,,4999.92370605469,,,,,,,,,,,,4999.92370605469,,,,,,,,,,,,,,,,,,,,,,,,,,,,310.25390625,32,16,,,,,0,,200
,4999.92370605469,,,,,,,,,,,,4999.92370605469,,,,,,,,,,,,4999.92370605469,,,,,,,,,,,,,,,,,,,,,,,,,,,325.01953125,32,16,,,,,0,,200
,,,,,,,,,,,,,,,,,,,,,,,,,,,,,,,,,,,,,,,,,,,,,,,,,,,,,,,194,196,421860,3333,0,,200
4999.92370605469,,18663.6191162109,,,,,,,,,,4999.92370605469,,18229.4028125,,,,,,,,,,4999.92370605469,,18669.1398602295,,,,,,,,,,12179,,,,,12154,,,12195,,,,,31993,,,339.609375,32,16,,,,,0,,200
,4999.92370605469,,,,,,,,,,,,4999.92370605469,,,,,,,,,,,,4999.92370605469,,,,,,,,,,,,,,,,,,,,,,,,,,,353.759765625,32,16,,,,,0,,200
4999.92370605469,,,,,,,,,,,,4999.92370605469,,,,,,,,,,,,4999.92370605469,,,,,,,,,,,,,,,,,,,,,,,,,,,,8.349609375,0,0,,,,,0,,200
,4999.92370605469,,12185,,,,,,,,,,4999.92370605469,,12156,,,,,,,,,,4999.92370605469,,12173,,,,,,17853.4050201416,,,,,,,18671.7246087646,,,,,18186.0680554199,,,44937.4673187256,,,,21.97265625,0,0,,,,,0,,200
4999.92370605469,,,,,,,,,,,,4999.92370605469,,,,,,,,,,,,4999.92370605469,,,,,,,,,,,,,,,,,,,,,,,,,,,,36.826171875,0,0,,,,,0,,200
,4999.92370605469,,,,,,,,,,,,4999.92370605469,,,,,,,,,,,,4999.92370605469,,,,,,,,,,,,,,,,,,,,,,,,,,,50.9765625,0,0,,,,,0,,200
,,,,,,,,,,,,,,,,,,,,,,,,,,,,,,,,,,,,,,,,,,,,,,,,,,,,,,,294,296,421920,3333,0,,200
4999.92370605469,,18663.6191162109,,,,,,,,,,4999.92370605469,,18207.6737646484,,,,,,,,,,4999.92370605469,,18669.1398602295,,,,,,,,,,12179,,,,,12154,,,12195,,,,,31993,,,66.09375,0,0,,,,,0,,200
,4999.92370605469,,,,,,,,,,,,4999.92370605469,,,,,,,,,,,,4999.92370605469,,,,,,,,,,,,,,,,,,,,,,,,,,,80.15625,0,0,,,,,0,,200
4999.92370605469,,,,,,,,,,,,4999.92370605469,,,,,,,,,,,,4999.92370605469,,,,,,,,,,,,,,,,,,,,,,,,,,,,95.09765625,32,0,,,,,0,,200
,4999.92370605469,,12185,,,,,,,,,,4999.92370605469,,12156,,,,,,,,,,4999.92370605469,,12173,,,,,,17853.4050201416,,,,,,,18671.7246087646,,,,,18186.0680554199,,,44937.4673187256,,,,109.072265625,32,0,,,,,0,,200
4999.92370605469,,,,,,,,,,,,4999.92370605469,,,,,,,,,,,,4999.92370605469,,,,,,,,,,,,,,,,,,,,,,,,,,,,124.013671875,32,0,,,,,0,,200
